%YAML:1.0

#--------------------------------------------------------------------------------------------
# Camera Parameters. Adjust them!
#--------------------------------------------------------------------------------------------

# Camera calibration and distortion parameters (OpenCV) 
Camera.fx: 495.726313
Camera.fy: 459.755793
Camera.cx: 367.357178
Camera.cy: 289.601396

Camera.k1: 0.0
Camera.k2: 0.0
Camera.p1: 0.0
Camera.p2: 0.0

Camera.width: 752
Camera.height: 480

# Camera frames per second 
Camera.fps: 20.0

# stereo baseline times fx
Camera.bf: 49.307449

# Color order of the images (0: BGR, 1: RGB. It is ignored if images are grayscale)
Camera.RGB: 1

# Close/Far threshold. Baseline times.
ThDepth: 35


LEFT.K: !!opencv-matrix
   rows: 3
   cols: 3
   dt: d
   data: [ 461.484022, 0.000000, 367.357178, 0.000000, 459.755793, 289.601396, 0.000000, 0.000000, 1.000000]
RIGHT.K: !!opencv-matrix
   rows: 3
   cols: 3
   dt: d
   data: [469.144275, 0.000000, 383.385439, 0.000000, 466.935259, 236.567914, 0.000000, 0.000000,1.000000]
LEFT.D: !!opencv-matrix
   rows: 4
   cols: 1
   dt: d
   data: [ -0.397588,0.136275,-0.006171, 0.001375]
RIGHT.D: !!opencv-matrix
   rows: 4
   cols: 1
   dt: d
   data: [ -0.429946, 0.195545, -0.003894, 0.000122]
LEFT.R: !!opencv-matrix
   rows: 3
   cols: 3
   dt: d
   data: [0.999849, -0.001081, -0.017371, 0.001143, 0.999993, 0.003575, 0.017367, -0.003595, 0.999843]
RIGHT.R: !!opencv-matrix
   rows: 3
   cols: 3
   dt: d
   data: [ 0.999470, 0.013732, -0.029527, -0.013838, 0.999899, -0.003381, 0.029478, 0.003788,0.999558]
LEFT.P: !!opencv-matrix
   rows: 3
   cols: 4
   dt: d
   data: [ 495.726313, 0.000000, 390.034954, 0.000000, 0.000000, 495.726313, 253.765335, 0.000000, 0.000000, 0.000000, 1.000000, 0.000000]
RIGHT.P: !!opencv-matrix
   rows: 3
   cols: 4
   dt: d
   data: [ 495.726313, 0.000000, 390.034954, -49.307449, 0.000000, 495.726313, 253.765335, 0.000000, 0.000000, 0.000000, 1.000000,0.000000]

#-1.7516123127601226e+04, 0., 1.7388947222429425e+02,
LEFT.height: 480
LEFT.width: 752
RIGHT.height: 480
RIGHT.width: 752



#--------------------------------------------------------------------------------------------
# Stereo Rectification. Only if you need to pre-rectify the images.
# Camera.fx, .fy, etc must be the same as in LEFT.P
#--------------------------------------------------------------------------------------------



#--------------------------------------------------------------------------------------------
# ORB Parameters
#--------------------------------------------------------------------------------------------

# ORB Extractor: Number of features per image
ORBextractor.nFeatures: 1000

# ORB Extractor: Scale factor between levels in the scale pyramid 	
ORBextractor.scaleFactor: 2

# ORB Extractor: Number of levels in the scale pyramid	
ORBextractor.nLevels: 4

# ORB Extractor: Fast threshold
# Image is divided in a grid. At each cell FAST are extracted imposing a minimum response.
# Firstly we impose iniThFAST. If no corners are detected we impose a lower value minThFAST
# You can lower these values if your images have low contrast			
ORBextractor.iniThFAST: 20
ORBextractor.minThFAST: 7

#--------------------------------------------------------------------------------------------
# Viewer Parameters
#--------------------------------------------------------------------------------------------
Viewer.KeyFrameSize: 0.05
Viewer.KeyFrameLineWidth: 1
Viewer.GraphLineWidth: 0.9
Viewer.PointSize:2
Viewer.CameraSize: 0.08
Viewer.CameraLineWidth: 3
Viewer.ViewpointX: 0
Viewer.ViewpointY: -0.7
Viewer.ViewpointZ: -1.8
Viewer.ViewpointF: 500

